soma: 0.492054
quantidade: 4332
media: 0.000113586
