soma: 0.005519
quantidade: 4318
media: 1.27814e-06
