soma: 0.000314
quantidade: 275
media: 1.14182e-06
