soma: 0.000894
quantidade: 275
media: 3.25091e-06
