soma: 0.165452
quantidade: 4318
media: 3.83168e-05
