soma: 0.000903
quantidade: 275
media: 3.28364e-06
