soma: 0.488873
quantidade: 4332
media: 0.000112852
