soma: 0.004693
quantidade: 442
media: 1.06176e-05
