soma: 0.007939
quantidade: 4318
media: 1.83858e-06
