soma: 0.001081
quantidade: 275
media: 3.93091e-06
