soma: 0.199494
quantidade: 4318
media: 4.62006e-05
