soma: 0.001094
quantidade: 275
media: 3.97818e-06
