soma: 0.005529
quantidade: 4318
media: 1.28045e-06
