soma: 0.000313
quantidade: 275
media: 1.13818e-06
