soma: 0.008575
quantidade: 275
media: 3.11818e-05
