soma: 0.000841
quantidade: 275
media: 3.05818e-06
