soma: 0.000823
quantidade: 275
media: 2.99273e-06
