soma: 0.001603
quantidade: 275
media: 5.82909e-06
