soma: 0.400176
quantidade: 442
media: 0.000905376
