soma: 0.19524
quantidade: 4318
media: 4.52154e-05
