soma: 0.00091
quantidade: 275
media: 3.30909e-06
