soma: 0.000904
quantidade: 275
media: 3.28727e-06
