soma: 0.201861
quantidade: 4318
media: 4.67487e-05
