soma: 0.000932
quantidade: 275
media: 3.38909e-06
