soma: 0.023237
quantidade: 15135
media: 1.53532e-06
