soma: 0.006957
quantidade: 4318
media: 1.61116e-06
