soma: 0.206291
quantidade: 4318
media: 4.77747e-05
