soma: 0.001108
quantidade: 275
media: 4.02909e-06
