soma: 0.004922
quantidade: 442
media: 1.11357e-05
