soma: 0.00039
quantidade: 275
media: 1.41818e-06
