soma: 0.00109
quantidade: 275
media: 3.96364e-06
