soma: 0.004875
quantidade: 442
media: 1.10294e-05
