soma: 0.164442
quantidade: 4318
media: 3.80829e-05
