soma: 0.000873
quantidade: 275
media: 3.17455e-06
