soma: 0.165619
quantidade: 4318
media: 3.83555e-05
