soma: 0.000878
quantidade: 275
media: 3.19273e-06
