soma: 0.359817
quantidade: 4318
media: 8.33296e-05
