soma: 0.001653
quantidade: 275
media: 6.01091e-06
