soma: 0.426697
quantidade: 442
media: 0.000965378
