soma: 0.000304
quantidade: 275
media: 1.10545e-06
