soma: 0.000309
quantidade: 275
media: 1.12364e-06
