soma: 0.000838
quantidade: 275
media: 3.04727e-06
