soma: 0.162229
quantidade: 4318
media: 3.75704e-05
