soma: 0.003941
quantidade: 4332
media: 9.09741e-07
